[gd_scene load_steps=4 format=3 uid="uid://r4elrimt52n"]

[ext_resource type="ArrayMesh" uid="uid://bcm16awrm7fib" path="res://ball/ball_model.res" id="1_ltmia"]
[ext_resource type="Script" path="res://ball/MainBall.cs" id="1_xlpkp"]

[sub_resource type="SphereShape3D" id="SphereShape3D_0fyo6"]
radius = 1.0

[node name="MainBall" type="CharacterBody3D"]
slide_on_ceiling = false
floor_block_on_wall = false
floor_max_angle = 1.5708
script = ExtResource("1_xlpkp")

[node name="CollisionShape3D" type="CollisionShape3D" parent="."]
shape = SubResource("SphereShape3D_0fyo6")

[node name="MeshInstance3D" type="MeshInstance3D" parent="."]
mesh = ExtResource("1_ltmia")

[node name="MainCamera" type="Camera3D" parent="."]
transform = Transform3D(-0.866025, -0.12941, 0.482963, 0, 0.965926, 0.258819, -0.5, 0.224144, -0.836516, 2, 1.5, -3)
current = true

[node name="SubViewportCameraGuide" type="Camera3D" parent="."]
transform = Transform3D(-0.866025, -0.211309, 0.453154, 0, 0.906308, 0.422618, -0.5, 0.365998, -0.784885, 1, 1, -1.5)

[node name="Control" type="Control" parent="."]
visible = false
layout_mode = 3
anchors_preset = 3
anchor_left = 1.0
anchor_top = 1.0
anchor_right = 1.0
anchor_bottom = 1.0
offset_left = -384.0
offset_top = -225.0
grow_horizontal = 0
grow_vertical = 0

[node name="SubViewportContainer" type="SubViewportContainer" parent="Control"]
layout_mode = 0
anchor_right = 1.0
anchor_bottom = 1.0
metadata/_edit_use_anchors_ = true

[node name="SubViewport" type="SubViewport" parent="Control/SubViewportContainer"]
handle_input_locally = false
size = Vector2i(384, 225)
render_target_update_mode = 0

[node name="SubViewportCamera" type="Camera3D" parent="Control/SubViewportContainer/SubViewport"]
transform = Transform3D(-0.866025, -0.211309, 0.453154, 0, 0.906308, 0.422618, -0.5, 0.365998, -0.784885, 1, 1, -1.5)
current = true
